12 0.12938369 0.48774917 0.02054368 0.06935216
5 0.19111849 0.26702658 0.04938784 0.09883721
0 0.26654908 0.49169435 0.04876530 0.10049834
3 0.41232621 0.35215947 0.04938784 0.10049834
11 0.48848309 0.35506645 0.05021789 0.10049834
3 0.56422494 0.35651993 0.04938784 0.10174419
3 0.64090060 0.35942691 0.04918033 0.10174419
11 0.71944387 0.36067276 0.05021789 0.10257475
3 0.80078855 0.36357973 0.04980286 0.10257475
3 0.87694542 0.36565615 0.04980286 0.10257475
11 0.96119527 0.36856312 0.05021789 0.10257475
3 0.40993982 0.63330565 0.04918033 0.10215947
4 0.60842498 0.64057309 0.04980286 0.10340532
3 0.79860967 0.64410299 0.04918033 0.10465116
3 0.96659058 0.64887874 0.05021789 0.10257475
9 0.43162482 0.86731728 0.05063291 0.10340532
