11 0.686230 0.793220 0.079007 0.115254
5 0.670429 0.211017 0.160271 0.235593
9 0.685102 0.617797 0.119639 0.174576
10 0.177201 0.205932 0.119639 0.174576
4 0.494357 0.769492 0.083521 0.122034
5 0.834650 0.211017 0.168172 0.245763
3 0.810384 0.378814 0.117381 0.171186
2 0.332957 0.625424 0.160271 0.233898
0 0.814898 0.638136 0.081264 0.120339
9 0.329571 0.400847 0.124153 0.181356
3 0.185666 0.833051 0.123025 0.177966
3 0.688488 0.415254 0.079007 0.115254
4 0.187359 0.609322 0.124153 0.181356
5 0.884876 0.830508 0.079007 0.115254
