7 0.324324 0.423986 0.038288 0.060811
3 0.131569 0.765766 0.052177 0.083333
3 0.264264 0.094313 0.026276 0.042230
3 0.501689 0.795890 0.040916 0.064752
5 0.814377 0.371059 0.053679 0.085586
7 0.506381 0.154561 0.054805 0.087275
2 0.595908 0.443975 0.027402 0.043356
4 0.805556 0.811092 0.039790 0.063626
3 0.664227 0.222973 0.052928 0.084459
7 0.327140 0.833615 0.026652 0.042230
11 0.593468 0.738739 0.039790 0.063063
10 0.777778 0.216216 0.054054 0.085586
4 0.140015 0.314189 0.038288 0.060811
3 0.763514 0.553773 0.026276 0.042230
