4 0.258854 0.740039 0.026042 0.024820
11 0.899479 0.421620 0.051042 0.047681
4 0.207292 0.595199 0.050000 0.047355
3 0.479861 0.162965 0.026389 0.024820
4 0.144618 0.426355 0.024653 0.023187
7 0.905208 0.504899 0.038889 0.036577
5 0.713715 0.300947 0.024653 0.023187
3 0.620833 0.227792 0.025000 0.023187
3 0.402951 0.658556 0.025347 0.023841
3 0.566493 0.340790 0.051736 0.048661
9 0.387674 0.362508 0.036458 0.034618
9 0.534201 0.550784 0.024653 0.023187
4 0.751563 0.604344 0.050347 0.047355
4 0.176736 0.285271 0.026389 0.024494
4 0.513889 0.853854 0.025000 0.023187
