11 0.660271 0.793220 0.076749 0.111864
5 0.657449 0.223729 0.154628 0.227119
9 0.662528 0.622034 0.115124 0.169492
10 0.181716 0.194915 0.115124 0.169492
4 0.475734 0.761017 0.080135 0.118644
5 0.815463 0.232203 0.161400 0.237288
3 0.788939 0.394915 0.112867 0.166102
2 0.322799 0.612712 0.153499 0.228814
0 0.787246 0.648305 0.077878 0.116949
9 0.325056 0.393220 0.119639 0.176271
3 0.176637 0.808475 0.116253 0.172881
3 0.670429 0.423729 0.076749 0.111864
4 0.182844 0.589831 0.119639 0.176271
5 0.850451 0.838983 0.075621 0.111864
