4 0.236979 0.744611 0.026042 0.024820
11 0.872049 0.428478 0.050347 0.047681
4 0.186285 0.599935 0.049653 0.047028
3 0.457118 0.169660 0.026042 0.024494
4 0.124653 0.431581 0.024306 0.023187
7 0.877604 0.511757 0.038542 0.036577
5 0.688194 0.307805 0.024306 0.023187
3 0.596528 0.234651 0.024306 0.023187
3 0.379688 0.663782 0.025347 0.023841
3 0.542535 0.347159 0.051042 0.048334
9 0.365278 0.368387 0.036111 0.034618
9 0.510069 0.556662 0.024306 0.023187
4 0.725174 0.610385 0.049653 0.047028
4 0.156597 0.290823 0.025694 0.024494
4 0.489410 0.858752 0.024653 0.023187
