2 0.385714 0.218121 0.050000 0.078300
3 0.472857 0.374161 0.050000 0.077181
3 0.698929 0.441275 0.046429 0.072707
3 0.657857 0.208054 0.094286 0.147651
11 0.156429 0.361857 0.050000 0.079418
4 0.631071 0.583333 0.099286 0.153244
4 0.667500 0.811521 0.099286 0.157718
11 0.794286 0.789709 0.070000 0.109620
3 0.460714 0.238814 0.074286 0.115213
4 0.190357 0.201342 0.099286 0.156600
9 0.815714 0.622483 0.098571 0.153244
9 0.194643 0.598434 0.092143 0.145414
3 0.191071 0.793624 0.047857 0.072707
7 0.332500 0.408837 0.096429 0.151007
10 0.535714 0.777405 0.070000 0.109620
