7 0.616622 0.363580 0.031334 0.057724
3 0.629902 0.142650 0.015148 0.027824
3 0.835132 0.401786 0.015148 0.027824
11 0.265927 0.850914 0.015563 0.029070
0 0.169226 0.490449 0.022619 0.041528
0 0.458498 0.402409 0.015148 0.028239
9 0.169641 0.208472 0.015148 0.028239
3 0.828699 0.232143 0.023864 0.044020
3 0.759701 0.519518 0.022411 0.041528
10 0.605831 0.827035 0.032164 0.059385
11 0.610189 0.553364 0.031749 0.058555
11 0.094314 0.613787 0.022619 0.041528
4 0.274642 0.449543 0.015148 0.027824
7 0.241648 0.235673 0.029674 0.055233
3 0.455592 0.659053 0.023034 0.042359
