3 0.457500 0.749375 0.085000 0.126250
3 0.481250 0.581250 0.057500 0.085000
3 0.641667 0.211250 0.118333 0.175000
2 0.335833 0.555000 0.118333 0.175000
4 0.296250 0.127500 0.057500 0.085000
3 0.171667 0.526250 0.115000 0.170000
3 0.620000 0.602500 0.060000 0.087500
4 0.628750 0.388750 0.060833 0.090000
11 0.323750 0.400000 0.085833 0.125000
3 0.799167 0.240000 0.113333 0.167500
7 0.450417 0.351250 0.057500 0.085000
11 0.774583 0.769375 0.085833 0.126250
4 0.652917 0.800000 0.057500 0.085000
4 0.780000 0.421250 0.120000 0.177500
3 0.155000 0.381875 0.085000 0.126250
