11 0.664786 0.807627 0.079007 0.116949
5 0.676072 0.238136 0.160271 0.235593
9 0.671558 0.637288 0.119639 0.176271
10 0.196388 0.184746 0.119639 0.176271
4 0.479684 0.765254 0.083521 0.123729
5 0.834650 0.255085 0.168172 0.245763
3 0.803612 0.416102 0.117381 0.171186
2 0.329007 0.609322 0.161400 0.235593
0 0.796840 0.669492 0.081264 0.118644
9 0.336343 0.389831 0.124153 0.183051
3 0.177201 0.796610 0.121896 0.179661
3 0.683973 0.438983 0.079007 0.115254
4 0.189052 0.577966 0.125282 0.183051
5 0.855530 0.863559 0.079007 0.116949
