0 0.468435 0.840909 0.102470 0.159824
3 0.192132 0.393695 0.069533 0.107038
5 0.336231 0.203079 0.068618 0.107038
3 0.196706 0.202346 0.129918 0.202346
9 0.817932 0.461144 0.069533 0.107038
8 0.527905 0.425220 0.131747 0.205279
9 0.798719 0.670821 0.069533 0.107038
3 0.630375 0.870235 0.069533 0.107038
11 0.684812 0.637830 0.136322 0.211144
4 0.824337 0.263930 0.102470 0.158358
3 0.833943 0.896628 0.064959 0.101173
11 0.288655 0.780792 0.066789 0.104106
4 0.324337 0.431818 0.066789 0.104106
7 0.506862 0.643695 0.098811 0.152493
