7 0.301802 0.470158 0.039039 0.058559
3 0.122560 0.838119 0.053679 0.080518
3 0.214902 0.153153 0.027402 0.040541
3 0.515578 0.809966 0.041667 0.062500
5 0.815878 0.340935 0.055180 0.082770
7 0.474662 0.175394 0.055931 0.083896
2 0.590090 0.447072 0.027778 0.041667
4 0.837838 0.777590 0.040541 0.060811
3 0.646584 0.218187 0.054429 0.081644
7 0.333896 0.874718 0.027402 0.041104
11 0.608483 0.739020 0.040541 0.061374
10 0.765953 0.193975 0.055180 0.082770
4 0.099474 0.390203 0.039039 0.058559
3 0.774962 0.529842 0.027402 0.040541
