3 0.508333 0.776875 0.088333 0.128750
3 0.513750 0.601875 0.059167 0.086250
3 0.636250 0.191875 0.122500 0.178750
2 0.362917 0.611875 0.122500 0.178750
4 0.275833 0.193125 0.060000 0.086250
3 0.192917 0.623750 0.119167 0.172500
3 0.657500 0.589375 0.061667 0.088750
4 0.642500 0.373750 0.063333 0.092500
11 0.334167 0.459375 0.088333 0.128750
3 0.799583 0.181875 0.117500 0.171250
7 0.457083 0.379375 0.059167 0.086250
11 0.832500 0.717500 0.088333 0.130000
4 0.712917 0.778125 0.059167 0.086250
4 0.800000 0.368125 0.125000 0.181250
3 0.160833 0.483125 0.088333 0.128750
