8 0.145929 0.753666 0.066789 0.105572
9 0.381519 0.412023 0.064044 0.102639
4 0.466606 0.791056 0.098811 0.156891
3 0.631290 0.196481 0.064044 0.102639
11 0.347667 0.764663 0.093321 0.148094
3 0.154620 0.145894 0.093321 0.148094
0 0.813815 0.575513 0.096066 0.153959
3 0.483074 0.391496 0.095151 0.149560
9 0.331656 0.173021 0.123513 0.196481
9 0.137694 0.607771 0.063129 0.098240
3 0.628088 0.596041 0.092406 0.148094
11 0.539799 0.234604 0.062214 0.099707
4 0.362306 0.571114 0.095151 0.151026
3 0.669716 0.793255 0.093321 0.146628
