2 0.383571 0.215884 0.055714 0.085011
3 0.482143 0.363535 0.055714 0.085011
3 0.719643 0.405481 0.052143 0.079418
3 0.666429 0.175056 0.104286 0.159955
11 0.153571 0.388143 0.055714 0.085011
4 0.655357 0.556488 0.109286 0.166667
4 0.703929 0.782438 0.110714 0.168904
11 0.834643 0.746085 0.077857 0.118568
3 0.462500 0.228747 0.082143 0.126398
4 0.180714 0.222595 0.111429 0.170022
9 0.848214 0.574385 0.109286 0.166667
9 0.203571 0.621924 0.102857 0.156600
3 0.208929 0.819911 0.052143 0.080537
7 0.337500 0.414989 0.107857 0.165548
10 0.565357 0.762864 0.077857 0.118568
