7 0.654078 0.358389 0.030712 0.057309
3 0.668188 0.136420 0.014941 0.027824
3 0.870720 0.401370 0.014941 0.027824
11 0.303797 0.840324 0.015356 0.028654
0 0.209483 0.475914 0.022204 0.041528
0 0.496887 0.393895 0.014733 0.027824
9 0.211455 0.192899 0.014941 0.027824
3 0.865013 0.230897 0.023449 0.044020
3 0.795289 0.518272 0.022204 0.041528
10 0.641316 0.823920 0.031749 0.058970
11 0.646711 0.548588 0.031334 0.058140
11 0.134675 0.598214 0.021996 0.041113
4 0.314381 0.437500 0.014941 0.027824
7 0.282631 0.221761 0.029467 0.054817
3 0.492945 0.651786 0.022619 0.041944
