0 0.456542 0.832845 0.095151 0.161290
3 0.182068 0.422287 0.064044 0.108504
5 0.302836 0.214076 0.064044 0.108504
3 0.176578 0.230938 0.120769 0.203812
9 0.754803 0.407625 0.064044 0.108504
8 0.488564 0.409091 0.122598 0.208211
9 0.748399 0.620235 0.064044 0.108504
3 0.604758 0.840176 0.064044 0.108504
11 0.643184 0.601173 0.126258 0.214076
4 0.750229 0.208944 0.095151 0.159824
3 0.791400 0.840176 0.060384 0.102639
11 0.290027 0.797654 0.062214 0.105572
4 0.303751 0.442815 0.062214 0.105572
7 0.480329 0.630499 0.091491 0.155425
