7 0.314002 0.480011 0.038664 0.060248
3 0.150150 0.854167 0.052553 0.082207
3 0.224287 0.167230 0.026652 0.041667
3 0.525338 0.809966 0.040916 0.063626
5 0.802740 0.330236 0.054429 0.085023
7 0.473348 0.178491 0.054805 0.085586
2 0.589152 0.445101 0.027402 0.043356
4 0.832770 0.764358 0.040165 0.062500
3 0.638514 0.214527 0.053303 0.083333
7 0.353041 0.881757 0.026652 0.041667
11 0.612800 0.735642 0.040165 0.062500
10 0.752065 0.185248 0.054429 0.084459
4 0.118806 0.408502 0.038664 0.060248
3 0.767830 0.519707 0.026652 0.041667
