4 0.205382 0.747714 0.026736 0.023841
11 0.843229 0.430927 0.051736 0.046702
4 0.151215 0.610712 0.051042 0.045722
3 0.417708 0.193174 0.026389 0.023841
4 0.085417 0.451339 0.025000 0.022861
7 0.850174 0.510287 0.039236 0.035598
5 0.654514 0.319889 0.025000 0.022534
3 0.560243 0.251960 0.025347 0.022534
3 0.348438 0.667048 0.026042 0.023187
3 0.507465 0.360875 0.052431 0.047028
9 0.328472 0.385206 0.037500 0.033638
9 0.478646 0.561724 0.025347 0.022861
4 0.697743 0.608263 0.051042 0.046048
4 0.115451 0.316133 0.026736 0.024167
4 0.463194 0.850751 0.025000 0.022861
