3 0.512917 0.785000 0.085833 0.130000
3 0.519583 0.605000 0.057500 0.087500
3 0.643750 0.187500 0.119167 0.180000
2 0.372500 0.610000 0.118333 0.180000
4 0.291250 0.176250 0.057500 0.087500
3 0.205833 0.616250 0.115000 0.175000
3 0.660417 0.597500 0.059167 0.090000
4 0.647917 0.375000 0.060833 0.092500
11 0.345417 0.452500 0.085833 0.130000
3 0.803333 0.182500 0.113333 0.172500
7 0.467083 0.373750 0.057500 0.087500
11 0.830833 0.735625 0.085000 0.131250
4 0.712917 0.793750 0.057500 0.087500
4 0.802500 0.374375 0.120000 0.183750
3 0.175833 0.471250 0.085000 0.130000
