0 0.496340 0.787390 0.099726 0.161290
3 0.210430 0.390029 0.067704 0.108504
5 0.333486 0.181818 0.066789 0.108504
3 0.203111 0.202346 0.126258 0.205279
9 0.801006 0.360704 0.066789 0.108504
8 0.526990 0.369501 0.128088 0.208211
9 0.796432 0.570381 0.066789 0.108504
3 0.650046 0.790323 0.066789 0.108504
11 0.687100 0.554252 0.131747 0.214076
4 0.795059 0.164223 0.098811 0.161290
3 0.842177 0.785924 0.063129 0.102639
11 0.324337 0.756598 0.064959 0.105572
4 0.336231 0.407625 0.064959 0.105572
7 0.520128 0.587977 0.096066 0.155425
