7 0.626686 0.324543 0.029882 0.055233
3 0.644740 0.104444 0.014526 0.026993
3 0.843536 0.382475 0.014526 0.026578
11 0.266549 0.781561 0.015148 0.027409
0 0.178253 0.411545 0.021581 0.039867
0 0.468147 0.349252 0.014526 0.026578
9 0.184997 0.129153 0.014733 0.026578
3 0.840735 0.211794 0.023034 0.042359
3 0.765719 0.493771 0.021581 0.039867
10 0.605831 0.788414 0.030919 0.056894
11 0.615999 0.513912 0.030504 0.056063
11 0.100955 0.528239 0.021789 0.039867
4 0.284291 0.380191 0.014526 0.026993
7 0.256070 0.162998 0.028637 0.052741
3 0.459743 0.606312 0.022204 0.040698
