8 0.159652 0.779326 0.063129 0.101173
9 0.387466 0.429619 0.061299 0.099707
4 0.477585 0.804252 0.095151 0.151026
3 0.631290 0.205279 0.062214 0.099707
11 0.359561 0.782258 0.089661 0.145161
3 0.159652 0.173754 0.088747 0.145161
0 0.817017 0.574780 0.093321 0.149560
3 0.487649 0.405425 0.091491 0.145161
9 0.334401 0.194282 0.119854 0.189150
9 0.149588 0.634164 0.059469 0.098240
3 0.633120 0.604106 0.089661 0.143695
11 0.540714 0.247067 0.060384 0.095308
4 0.370540 0.588710 0.091491 0.148094
3 0.677951 0.799120 0.089661 0.143695
