12 0.05236486 0.43243243 0.03490991 0.04504505
13 0.18750000 0.45242117 0.06493994 0.09515766
3 0.26989489 0.71734234 0.12012012 0.12500000
10 0.36242492 0.71002252 0.05518018 0.11036036
11 0.42999249 0.71002252 0.04992492 0.11036036
13 0.67755255 0.42511261 0.05480480 0.07995495
3 0.76501502 0.42764640 0.06006006 0.08502252
3 0.84740991 0.42764640 0.05518018 0.08502252
11 0.57751502 0.71002252 0.06493994 0.11036036
4 0.65015015 0.71002252 0.06006006 0.11036036
3 0.94012763 0.35501126 0.04992492 0.08952703
3 0.94012763 0.50760135 0.04992492 0.10529279
