0 0.44907407 0.15004318 0.08196159 0.09024180
13 0.46999314 0.12154577 0.05178326 0.05915371
5 0.45507545 0.34499136 0.06995885 0.08981002
3 0.32750343 0.50496546 0.06515775 0.09974093
3 0.58453361 0.49697755 0.06481481 0.10189983
9 0.92901235 0.53411054 0.06790123 0.10017271
3 0.78892318 0.63536269 0.06618656 0.09887737
3 0.79801097 0.87910190 0.08024691 0.11398964
4 0.60493827 0.88147668 0.06995885 0.10924007
11 0.36162551 0.89896373 0.06893004 0.10967185
8 0.13614540 0.51899827 0.06995885 0.10621762
