8 0.170174 0.767595 0.065874 0.104106
9 0.389753 0.412757 0.064044 0.101173
4 0.487191 0.773460 0.097896 0.153959
3 0.627630 0.179619 0.064044 0.101173
11 0.369167 0.758798 0.092406 0.145161
3 0.157823 0.174487 0.092406 0.146628
0 0.820220 0.531525 0.096066 0.151026
3 0.489021 0.383431 0.094236 0.148094
9 0.332113 0.184751 0.122598 0.193548
9 0.157365 0.625367 0.062214 0.098240
3 0.639067 0.568915 0.092406 0.146628
11 0.539341 0.225073 0.061299 0.098240
4 0.377402 0.568915 0.094236 0.149560
3 0.686642 0.757331 0.092406 0.145161
