2 0.406786 0.223154 0.050714 0.081655
3 0.486071 0.385347 0.050714 0.081655
3 0.700714 0.470358 0.048571 0.077181
3 0.670000 0.237696 0.095714 0.153244
11 0.181786 0.345638 0.050714 0.080537
4 0.630357 0.604586 0.100714 0.159955
4 0.657143 0.832215 0.101429 0.163311
11 0.780357 0.822148 0.070714 0.114094
3 0.478571 0.250559 0.075714 0.120805
4 0.219643 0.191275 0.102143 0.163311
9 0.806429 0.658837 0.100000 0.161074
9 0.209643 0.581096 0.095000 0.151007
3 0.198929 0.773490 0.047857 0.077181
7 0.348929 0.407159 0.099286 0.158837
10 0.531429 0.786353 0.071429 0.114094
